Dim 100 100 100

putBox 10 14 10 12 10 10 1.0 0.3 0.5 1
putBox 10 14 14 16 10 10 1.0 0.3 0.5 1
putBox 11 11 11 11 11 13 1.0 0.3 0.5 1
putBox 11 11 15 15 11 13 1.0 0.3 0.5 1

putBox 7 16 10 16 14 15 1.0 0.0 0.8 1
putBox 7 16 10 16 16 19 0.50 0.1 0.25 1
putBox 11 16 10 16 20 20 0.50 0.1 0.25 1
putBox 11 16 10 16 21 21 1.0 1.0 1.0 1
putBox 11 16 10 16 22 27 0.0 1.0 0.2 1

putBox 17 19 11 15 24 25 0.8 0.2 0.0 1

putBox 10 15 8 9 16 19 1.0 1.0 1.0 1
putBox 10 15 17 18 16 19 1.0 1.0 1.0 1

putBox 13 15 17 17 24 26 1.0 1.0 1.0 1
putBox 13 15 9 9 24 26 1.0 1.0 1.0 1

putVoxel 0 0 0 0.0 0.0 1.0 1